%YAML:1.0
---
K: !!opencv-matrix
   rows: 3
   cols: 3
   dt: d
   data: [ 5.8853760713263087e+04, 0., 4.7132084884699935e+02, 0.,
       5.8831486139344845e+04, 3.6147928963601731e+02, 0., 0., 1. ]
D: !!opencv-matrix
   rows: 1
   cols: 5
   dt: d
   data: [ -5.0609826169951475e+01, -7.8504887364523916e-04,
       -3.0797682755307535e-02, -3.8725421291184369e-03,
       -1.0452645135293789e-08 ]
